byte clip[NUM_INSTRUMENTS][NUM_CLIPS][NUM_STEPS] {
  { //channel1
    { 0,  0,  0,  0,   0,  0,  0,  0,   0,  0,  0,  0,   0,  0,  0,  0},
    { 0,  0,  0,  0,   0,  0,  0,  0,   0,  0,  0,  0,   0,  0,  0,  0},
    { 0,  0,  0,  0,   0,  0,  0,  0,   0,  0,  0,  0,   0,  0,  0,  0},
    { 0,  0,  0,  0,   0,  0,  0,  0,   0,  0,  0,  0,   0,  0,  0,  0},
    { 0,  0,  0,  0,   0,  0,  0,  0,   0,  0,  0,  0,   0,  0,  0,  0},
    { 0,  0,  0,  0,   0,  0,  0,  0,   0,  0,  0,  0,   0,  0,  0,  0},
    { 0,  0,  0,  0,   0,  0,  0,  0,   0,  0,  0,  0,   0,  0,  0,  0},
    { 0,  0,  0,  0,   0,  0,  0,  0,   0,  0,  0,  0,   0,  0,  0,  0},
    { 0,  0,  0,  0,   0,  0,  0,  0,   0,  0,  0,  0,   0,  0,  0,  0}
  },
  { //channel2
    { 0,  0,  0,  0,   0,  0,  0,  0,   0,  0,  0,  0,   0,  0,  0,  0},
    { 0,  0,  0,  0,   0,  0,  0,  0,   0,  0,  0,  0,   0,  0,  0,  0},
    { 0,  0,  0,  0,   0,  0,  0,  0,   0,  0,  0,  0,   0,  0,  0,  0},
    { 0,  0,  0,  0,   0,  0,  0,  0,   0,  0,  0,  0,   0,  0,  0,  0},
    { 0,  0,  0,  0,   0,  0,  0,  0,   0,  0,  0,  0,   0,  0,  0,  0},
    { 0,  0,  0,  0,   0,  0,  0,  0,   0,  0,  0,  0,   0,  0,  0,  0},
    { 0,  0,  0,  0,   0,  0,  0,  0,   0,  0,  0,  0,   0,  0,  0,  0},
    { 0,  0,  0,  0,   0,  0,  0,  0,   0,  0,  0,  0,   0,  0,  0,  0},
    { 0,  0,  0,  0,   0,  0,  0,  0,   0,  0,  0,  0,   0,  0,  0,  0}
  },
  { //channel3
    { 0,  0,  0,  0,   0,  0,  0,  0,   0,  0,  0,  0,   0,  0,  0,  0},
    { 0,  0,  0,  0,   0,  0,  0,  0,   0,  0,  0,  0,   0,  0,  0,  0},
    { 0,  0,  0,  0,   0,  0,  0,  0,   0,  0,  0,  0,   0,  0,  0,  0},
    { 0,  0,  0,  0,   0,  0,  0,  0,   0,  0,  0,  0,   0,  0,  0,  0},
    { 0,  0,  0,  0,   0,  0,  0,  0,   0,  0,  0,  0,   0,  0,  0,  0},
    { 0,  0,  0,  0,   0,  0,  0,  0,   0,  0,  0,  0,   0,  0,  0,  0},
    { 0,  0,  0,  0,   0,  0,  0,  0,   0,  0,  0,  0,   0,  0,  0,  0},
    { 0,  0,  0,  0,   0,  0,  0,  0,   0,  0,  0,  0,   0,  0,  0,  0},
    { 0,  0,  0,  0,   0,  0,  0,  0,   0,  0,  0,  0,   0,  0,  0,  0}
  },
  { //channel4
    { 0,  0,  0,  0,   0,  0,  0,  0,   0,  0,  0,  0,   0,  0,  0,  0},
    { 0,  0,  0,  0,   0,  0,  0,  0,   0,  0,  0,  0,   0,  0,  0,  0},
    { 0,  0,  0,  0,   0,  0,  0,  0,   0,  0,  0,  0,   0,  0,  0,  0},
    { 0,  0,  0,  0,   0,  0,  0,  0,   0,  0,  0,  0,   0,  0,  0,  0},
    { 0,  0,  0,  0,   0,  0,  0,  0,   0,  0,  0,  0,   0,  0,  0,  0},
    { 0,  0,  0,  0,   0,  0,  0,  0,   0,  0,  0,  0,   0,  0,  0,  0},
    { 0,  0,  0,  0,   0,  0,  0,  0,   0,  0,  0,  0,   0,  0,  0,  0},
    { 0,  0,  0,  0,   0,  0,  0,  0,   0,  0,  0,  0,   0,  0,  0,  0},
    { 0,  0,  0,  0,   0,  0,  0,  0,   0,  0,  0,  0,   0,  0,  0,  0}
  },
  { //channel5
    { 0,  0,  0,  0,   0,  0,  0,  0,   0,  0,  0,  0,   0,  0,  0,  0},
    { 0,  0,  0,  0,   0,  0,  0,  0,   0,  0,  0,  0,   0,  0,  0,  0},
    { 0,  0,  0,  0,   0,  0,  0,  0,   0,  0,  0,  0,   0,  0,  0,  0},
    { 0,  0,  0,  0,   0,  0,  0,  0,   0,  0,  0,  0,   0,  0,  0,  0},
    { 0,  0,  0,  0,   0,  0,  0,  0,   0,  0,  0,  0,   0,  0,  0,  0},
    { 0,  0,  0,  0,   0,  0,  0,  0,   0,  0,  0,  0,   0,  0,  0,  0},
    { 0,  0,  0,  0,   0,  0,  0,  0,   0,  0,  0,  0,   0,  0,  0,  0},
    { 0,  0,  0,  0,   0,  0,  0,  0,   0,  0,  0,  0,   0,  0,  0,  0},
    { 0,  0,  0,  0,   0,  0,  0,  0,   0,  0,  0,  0,   0,  0,  0,  0}
  },
  { //channel6
    { 0,  0,  0,  0,   0,  0,  0,  0,   0,  0,  0,  0,   0,  0,  0,  0},
    { 0,  0,  0,  0,   0,  0,  0,  0,   0,  0,  0,  0,   0,  0,  0,  0},
    { 0,  0,  0,  0,   0,  0,  0,  0,   0,  0,  0,  0,   0,  0,  0,  0},
    { 0,  0,  0,  0,   0,  0,  0,  0,   0,  0,  0,  0,   0,  0,  0,  0},
    { 0,  0,  0,  0,   0,  0,  0,  0,   0,  0,  0,  0,   0,  0,  0,  0},
    { 0,  0,  0,  0,   0,  0,  0,  0,   0,  0,  0,  0,   0,  0,  0,  0},
    { 0,  0,  0,  0,   0,  0,  0,  0,   0,  0,  0,  0,   0,  0,  0,  0},
    { 0,  0,  0,  0,   0,  0,  0,  0,   0,  0,  0,  0,   0,  0,  0,  0},
    { 0,  0,  0,  0,   0,  0,  0,  0,   0,  0,  0,  0,   0,  0,  0,  0}
  },
  { //channel7
    { 0,  0,  0,  0,   0,  0,  0,  0,   0,  0,  0,  0,   0,  0,  0,  0},
    { 0,  0,  0,  0,   0,  0,  0,  0,   0,  0,  0,  0,   0,  0,  0,  0},
    { 0,  0,  0,  0,   0,  0,  0,  0,   0,  0,  0,  0,   0,  0,  0,  0},
    { 0,  0,  0,  0,   0,  0,  0,  0,   0,  0,  0,  0,   0,  0,  0,  0},
    { 0,  0,  0,  0,   0,  0,  0,  0,   0,  0,  0,  0,   0,  0,  0,  0},
    { 0,  0,  0,  0,   0,  0,  0,  0,   0,  0,  0,  0,   0,  0,  0,  0},
    { 0,  0,  0,  0,   0,  0,  0,  0,   0,  0,  0,  0,   0,  0,  0,  0},
    { 0,  0,  0,  0,   0,  0,  0,  0,   0,  0,  0,  0,   0,  0,  0,  0},
    { 0,  0,  0,  0,   0,  0,  0,  0,   0,  0,  0,  0,   0,  0,  0,  0}
  },
  { //channel8
    {36,  0,  0,  0,  36,  0,  0,  0,  37,  0,  0,  0,  39,  0,  0,  0},
    { 0,  0, 36,  0,   0,  0, 36,  0,   0,  0, 36,  0,   0,  0, 36,  0},
    { 0,  0,  0,  0,   0,  0,  0,  0,   0,  0,  0,  0,   0,  0,  0,  0},
    { 0,  0,  0,  0,   0,  0,  0,  0,   0,  0,  0,  0,   0,  0,  0,  0},
    { 0,  0,  0,  0,   0,  0,  0,  0,   0,  0,  0,  0,   0,  0,  0,  0},
    { 0,  0,  0,  0,   0,  0,  0,  0,   0,  0,  0,  0,   0,  0,  0,  0},
    { 0,  0,  0,  0,   0,  0,  0,  0,   0,  0,  0,  0,   0,  0,  0,  0},
    { 0,  0,  0,  0,   0,  0,  0,  0,   0,  0,  0,  0,   0,  0,  0,  0},
    { 0,  0,  0,  0,   0,  0,  0,  0,   0,  0,  0,  0,   0,  0,  0,  0}
  },
};